4.15998 9.34324 -1
0.660421 2.46956 -1
5.67156 7.44072 -1
1.22623 7.93481 -1
2.57302 2.48756 -1
1.89581 9.29807 -1
5.96728 7.06198 -1
2.28278 0.671102 1
9.65514 6.34571 1
2.07984 2.2599 -1
0.173345 4.26984 -1
3.87555 8.1576 -1
4.66109 6.15986 -1
6.4629 2.67434 1
3.12174 8.20154 -1
7.69585 8.01477 -1
6.64235 9.03317 -1
0.960723 1.11423 -1
8.13196 3.78063 1
4.32325 2.45003 1
7.14194 5.84521 -1
6.41255 4.63424 1
5.33128 6.75832 -1
8.10816 3.6079 1
4.13923 9.41527 -1
4.08765 0.244453 1
1.22562 4.99985 -1
3.30363 5.17319 -1
7.24632 8.91537 -1
2.44453 4.64064 -1
9.51933 6.02619 1
1.45024 0.219733 1
4.15174 0.53621 1
5.1384 0.177618 1
3.18461 0.801111 1
0.00732444 5.31602 -1
8.31812 4.40046 1
0.278329 7.0983 -1
7.78405 3.77178 1
2.2364 0.872829 1
7.92444 7.72637 -1
0.936003 2.00812 -1
6.0387 9.15616 -1
8.33308 7.74773 -1
6.06403 4.24238 1
6.90298 2.60323 1
3.64971 3.48369 -1
7.81152 0.093997 1
2.18879 9.85076 -1
7.69799 8.6465 -1
6.36891 4.38368 1
3.13517 4.46516 -1
4.80483 4.54207 -1
6.82638 9.19309 -1
8.31751 5.62395 1
4.6025 5.16404 -1
5.41673 0.559404 1
7.28599 6.06922 -1
1.55736 8.40083 -1
6.47633 5.8449 -1
3.72417 6.81173 -1
8.32636 3.5963 1
6.91275 8.87692 -1
4.36903 7.36686 -1
4.0669 9.53795 -1
3.45622 4.56954 -1
6.03717 1.9715 1
3.87494 1.89215 1
3.11899 9.22208 -1
9.70092 2.48329 1
4.73739 1.39927 1
0.452284 3.24076 -1
8.83633 3.75652 1
8.10999 0.00762963 1
7.54112 5.95874 -1
0.557268 3.49071 -1
0.649434 7.85577 -1
5.51622 3.71563 1
3.51878 2.07129 1
4.026 5.82873 -1
0.910672 8.72127 -1
7.54265 5.05936 1
3.35368 2.57149 1
7.70745 3.65368 1
7.58904 7.95434 -1
2.85928 7.59636 -1
7.66106 1.74505 1
0.34547 5.92669 -1
8.21436 9.72259 -1
8.69411 0.466933 1
6.55995 6.61794 -1
8.71456 8.77316 -1
5.07431 5.17014 -1
7.58629 8.12006 -1
0.492569 4.49568 -1
4.99832 3.33445 1
1.65868 3.08634 -1
5.39872 6.28986 -1
2.2956 6.75253 -1
5.42589 9.86999 -1
