3.05765 1.49358
1.06662 0.513627
4.25062 2.07343
0.698264 5.96149
9.50865 7.61071
1.81768 4.43129
3.55632 2.27271
1.88604 8.64223
7.92779 7.38304
4.1673 2.10944
7.16178 9.07529
6.00482 0.559709
5.80096 3.55113
4.30769 1.72857
0.252693 7.74438
4.80392 3.84747
4.57839 8.20795
6.62618 8.13562
4.26679 6.039
8.79391 5.60656
7.06107 0.648213
0.149236 3.50658
4.89914 0.191656
9.317 1.69286
6.02954 1.47343
6.24012 4.26374
1.36296 7.13492
1.86682 6.75893
4.13007 2.94046
7.54051 4.23597
6.89596 2.97555
0.658895 0.540178
5.00626 5.56413
8.16919 4.07575
0.517594 7.72454
4.45174 0.396435
5.68163 0.969573
5.16617 6.92221
0.0387585 6.27125
3.61461 0.0991852
0.192267 0.992767
1.18717 0.314035
6.31764 5.61083
8.45149 4.87197
4.47127 3.03232
8.45058 4.35591
8.76797 8.32148
8.76858 2.67769
2.4781 1.65105
3.93078 6.13056
2.11798 2.28858
4.69558 1.7597
3.58592 6.42842
5.80554 0.36317
4.41755 6.68508
8.75668 4.43037
1.21067 6.06006
1.14994 6.33717
6.29505 4.19355
9.18912 7.10837
2.6957 8.71212
4.88205 1.05564
1.46641 9.48729
4.51521 6.61031
0.444044 8.61965
9.95819 8.65719
8.49361 3.95306
9.36247 2.68746
4.30189 8.94101
8.81863 6.07898
3.78918 6.67013
1.53203 6.81753
5.18998 0.857875
6.08203 4.97238
5.87817 1.63549
0.32197 7.24052
9.9881 8.92727
2.49184 9.86511
0.902737 1.24119
6.09516 0.249947
7.66655 2.68258
0.111087 2.57607
9.38292 6.00116
1.10019 7.73247
6.66951 4.48653
8.76766 2.88003
4.22071 0.525529
1.54332 0.954009
3.54869 3.63048
3.7492 5.421
9.96185 5.75121
0.905484 0.60213
2.84433 6.68844
4.74929 2.87637
3.29997 7.41417
4.51643 3.07291
8.21955 4.11664
6.0622 5.37065
4.83749 0.778832
5.37156 3.01065
